python3 compiler2021.py myProgram.code
[[1, 'market'], [2, -1], [3, -1], [7, -1], [5, -1], [1, 'price'], [4, -1], [5, -1], [1, 'tax'], [4, -1], [5, -1], [1, 'money'], [4, -1], [6, -1], [1, 'memo'], [4, -1], [1, 'price'], [12, -1], [16, '1000'], [4, -1], [1, 'tax'], [12, -1], [16, '500'], [4, -1], [1, 'money'], [12, -1], [16, '2000'], [4, -1], [1, 'memo'], [12, -1], [1, 'shop'], [4, -1], [1, 'memo'],[12, -1], [1, 'enter'], [4, -1], [9, -1], [1, 'price'], [15, -1], [1, 'tax'], [14, -1], [1, 'money'], [10, -1], [7, -1], [5, -1], [1, 'balance'], [4, -1], [1, 'balance'], [12, -1], [16, '500'], [4, -1], [1, 'memo'], [12, -1], [1, 'buy'], [4, -1], [8, -1], [11, -1], [7, -1], [5, -1], [1, 'balance'], [4, -1], [1, 'balance'], [12, -1], [16, '2000'], [4, -1], [1, 'tax'], [12, -1], [16, '500'], [15, -1], [16, '2'], [4, -1], [1, 'memo'], [12, -1], [1, 'kicked'], [4, -1], [13, -1], [1, 'balance'], [4, -1], [8, -1], [8, -1]]


State_#    Goto_#       sNUM_to_stack
--------------------------------------------
5          18           6
6          20           10
6          19           8
5          18           6
6          20           10
6          19           8
5          18           6
6          20           10
6          19           8
5          18           6
6          20           10
6          19           8
5          18           6
24         26           21
24         25           30
6          23           9
6          22           7
24         26           21
24         25           30
7          23           17
6          22           7
24         26           21
24         25           30
7          23           17
6          22           7
24         26           21
24         25           30
7          23           17
6          22           7
24         26           21
24         25           30
7          23           17
6          22           7
11         26           21
11         25           20
29         26           34
11         25           20
28         26           21
28         25           33
11         24           19
5          18           6
6          20           10
6          19           8
5          18           6
24         26           21
24         25           30
6          23           9
6          22           7
24         26           21
24         25           30
7          23           17
6          22           7
27         21           32
5          18           6
6          20           10
6          19           8
5          18           6
24         26           21
24         25           30
6          23           9
6          22           7
24         26           21
24         25           30
29         26           34
24         25           30
7          23           17
6          22           7
24         26           21
24         25           30
7          23           17
6          22           7
13         26           21
13         25           25
7          23           17
6          22           7
36         21           37
7          23           17
6          22           7
3          21           4
0          17           0

accept (T/F): True

Check the target code in testfile.code
Check the symbol table in testfile.symbol

Total 8 registers have been used for execution